
1 sum_pwr_cmp 23.289281 proc_power 24.085794
First round
12.598287 
12.598287 12.583661 12.582938 13.880786 13.880786 12.590706 12.588184 12.586996 14.707678 13.462670 13.412611 14.707678 13.444936 14.707678 13.412936 
0 sum_pwr_cmp 20.213023 proc_power 21.662352
11.328159 11.323284 11.323043 12.813539 12.813539 11.325632 11.324791 11.324395 12.813539 11.340959 11.325181 12.813539 11.335048 12.813539 11.324381 
0 sum_pwr_cmp 20.458632 proc_power 21.904696
11.393155 11.387305 11.387015 12.858247 12.858247 11.390123 11.389114 11.388639 12.858247 11.408424 11.389218 12.858247 11.401330 12.858247 11.388530 
0 sum_pwr_cmp 20.704241 proc_power 22.147040
11.458151 11.451325 11.450988 12.902954 12.902954 11.454613 11.453436 11.452882 12.902954 11.475889 11.453255 12.902954 11.467613 12.902954 11.452679 
1 sum_pwr_cmp 29.560497 proc_power 30.416355
First round
15.178983 
15.178983 14.543516 14.543757 15.768537 15.768537 15.186805 15.189328 15.190515 18.435334 17.808410 17.209135 18.435334 17.826144 18.435334 17.207930 
0 sum_pwr_cmp 21.818921 proc_power 23.836772
11.726295 11.514473 11.514553 12.982813 12.982813 11.728902 11.729743 11.730139 12.982813 11.713536 11.513777 12.982813 11.719447 12.982813 11.513376 
0 sum_pwr_cmp 22.393069 proc_power 24.494730
11.871554 11.617367 11.617464 13.061376 13.061376 11.874683 11.875692 11.876167 13.061376 11.856334 11.616624 13.061376 11.863427 13.061376 11.616142 
0 sum_pwr_cmp 22.967217 proc_power 25.152688
12.016813 11.720262 11.720374 13.139938 13.139938 12.020463 12.021641 12.022195 13.139938 11.999132 11.719470 13.139938 12.007407 13.139938 11.718907 
1 sum_pwr_cmp 29.193289 proc_power 29.701518
First round
18.480461 
18.480461 18.321806 18.321565 19.698785 19.698785 18.418774 18.443904 18.518461 20.902002 19.739194 19.525932 20.902002 19.739073 20.902002 19.526052 
0 sum_pwr_cmp 22.066047 proc_power 23.478339
13.192683 13.139798 13.139717 14.658791 14.658791 13.172120 13.180497 13.205349 14.658791 13.211793 13.140706 14.658791 13.211753 14.658791 13.140746 
0 sum_pwr_cmp 22.688530 proc_power 24.100657
13.631219 13.567757 13.567661 15.072549 15.072549 13.606545 13.616596 13.646419 15.072549 13.653970 13.568666 15.072549 13.653922 15.072549 13.568714 
0 sum_pwr_cmp 23.311013 proc_power 24.722975
14.069756 13.995717 13.995604 15.486307 15.486307 14.040969 14.052696 14.087489 15.486307 14.096147 13.996625 15.486307 14.096091 15.486307 13.996681 
1 sum_pwr_cmp 28.748597 proc_power 29.469117
First round
14.148912 
14.148912 13.818323 13.817690 14.964914 14.964914 14.168567 14.200115 14.166267 17.488305 17.016221 16.457036 17.488305 17.016221 17.488305 16.457036 
0 sum_pwr_cmp 21.584139 proc_power 23.339992
11.418790 11.308593 11.308382 12.750790 12.750790 11.425341 11.435857 11.424575 12.750790 11.533126 11.346731 12.750790 11.533126 12.750790 11.346731 
0 sum_pwr_cmp 22.111331 proc_power 23.952904
11.502548 11.370312 11.370059 12.782949 12.782949 11.510410 11.523029 11.509490 12.782949 11.639842 11.416168 12.782949 11.639842 12.782949 11.416168 
0 sum_pwr_cmp 22.638522 proc_power 24.565817
11.586306 11.432031 11.431735 12.815107 12.815107 11.595478 11.610200 11.594405 12.815107 11.746559 11.485605 12.815107 11.746559 12.815107 11.485605 
1 sum_pwr_cmp 30.925528 proc_power 31.639654
First round
16.057540 
16.057540 15.523845 15.524719 16.671279 16.671279 16.072308 16.042141 16.037061 19.869006 19.249684 18.920833 19.869006 19.201956 19.869006 18.867858 
0 sum_pwr_cmp 22.144833 proc_power 24.114899
11.886415 11.708517 11.708808 13.150994 13.150994 11.891337 11.881282 11.879588 13.150994 11.885160 11.775543 13.150994 11.869250 13.150994 11.757884 
0 sum_pwr_cmp 22.783073 proc_power 24.867374
12.063698 11.850220 11.850570 13.263193 13.263193 12.069605 12.057538 12.055506 13.263193 12.062010 11.930469 13.263193 12.042919 13.263193 11.909279 
0 sum_pwr_cmp 23.421313 proc_power 25.619850
12.240981 11.991923 11.992331 13.375392 13.375392 12.247872 12.233795 12.231424 13.375392 12.238860 12.085396 13.375392 12.216587 13.375392 12.060674 
1 sum_pwr_cmp 33.858614 proc_power 34.414732
First round
17.538359 
17.538359 17.228354 17.211707 18.287588 18.287588 17.422511 17.454340 17.524031 21.340886 21.494071 20.466278 21.340886 21.541197 21.340886 20.519253 
0 sum_pwr_cmp 23.155002 proc_power 24.949877
12.416128 12.312794 12.307245 13.725872 13.725872 12.377513 12.388122 12.411353 13.725872 12.716631 12.374033 13.725872 12.732339 13.725872 12.391691 
0 sum_pwr_cmp 23.996366 proc_power 25.896363
12.699354 12.575352 12.568694 13.953046 13.953046 12.653015 12.665747 12.693623 13.953046 13.060048 12.648930 13.953046 13.078898 13.953046 12.670121 
0 sum_pwr_cmp 24.837730 proc_power 26.842848
12.982580 12.837911 12.830142 14.180221 14.180221 12.928518 12.943371 12.975894 14.180221 13.403465 12.923828 14.180221 13.425457 14.180221 12.948550 
1 sum_pwr_cmp 35.859053 proc_power 36.460500
First round
17.308471 
17.308471 16.606694 16.615346 17.745735 17.745735 17.350731 17.355150 17.287923 21.978865 22.444504 21.427894 21.978865 22.428112 21.978865 21.418364 
0 sum_pwr_cmp 23.526857 proc_power 25.612580
12.044541 11.810616 11.813499 13.250296 13.250296 12.058628 12.060101 12.037692 13.250296 12.345206 12.006336 13.250296 12.339742 13.250296 12.003159 
0 sum_pwr_cmp 24.442592 proc_power 26.697372
12.253450 11.972739 11.976199 13.382355 13.382355 12.270353 12.272121 12.245230 13.382355 12.614338 12.207694 13.382355 12.607781 13.382355 12.203882 
0 sum_pwr_cmp 25.358327 proc_power 27.782164
12.462358 12.134862 12.138899 13.514414 13.514414 12.482079 12.484141 12.452768 13.514414 12.883470 12.409052 13.514414 12.875821 13.514414 12.404605 
1 sum_pwr_cmp 33.372989 proc_power 33.980156
First round
17.679630 
17.679630 17.672693 17.661201 18.814044 18.814044 17.637908 17.594042 17.737965 21.296755 21.559108 20.621388 21.296755 21.575379 21.296755 20.630919 
0 sum_pwr_cmp 23.135773 proc_power 24.916624
12.605865 12.603553 12.599722 14.044004 14.044004 12.591958 12.577336 12.625311 14.044004 13.071151 12.758578 14.044004 13.076575 14.044004 12.761755 
0 sum_pwr_cmp 23.973291 proc_power 25.822977
12.927039 12.924264 12.919667 14.334804 14.334804 12.910350 12.892804 12.950373 14.334804 13.485473 13.110385 14.334804 13.491981 14.334804 13.114197 
0 sum_pwr_cmp 24.810809 proc_power 26.729330
13.248212 13.244974 13.239611 14.625605 14.625605 13.228741 13.208271 13.275435 14.625605 13.899794 13.462191 14.625605 13.907387 14.625605 13.466639 
1 sum_pwr_cmp 34.810745 proc_power 35.403375
First round
16.594169 
16.594169 15.886803 15.906170 16.849154 16.849154 16.585531 16.608974 16.570501 20.194347 19.922659 19.789459 20.194347 19.914723 20.194347 19.794911 
0 sum_pwr_cmp 25.952492 proc_power 27.792739
12.028425 11.792636 11.799092 13.173420 13.173420 12.025545 12.033360 12.020535 13.173420 12.640383 12.637777 13.173420 12.632286 13.173420 12.643229 
0 sum_pwr_cmp 26.587427 proc_power 28.553803
12.234110 11.951163 11.958910 13.290104 13.290104 12.230654 12.240032 12.224642 13.290104 12.783202 12.767537 13.290104 12.775121 13.290104 12.772988 
0 sum_pwr_cmp 27.222363 proc_power 29.314866
12.439795 12.109690 12.118728 13.406787 13.406787 12.435764 12.446704 12.428749 13.406787 12.926021 12.897296 13.406787 12.917956 13.406787 12.902747 
1 sum_pwr_cmp 32.623215 proc_power 33.278166
First round
15.122032 
15.122032 14.944235 14.919957 16.008019 16.008019 15.139418 15.119141 15.158530 18.064570 18.064570 18.064570 18.064570 18.064570 18.064570 18.064570 
0 sum_pwr_cmp 27.233601 proc_power 28.837812
11.859873 11.800607 11.792515 13.215202 13.215202 11.865668 11.858909 11.872039 13.215202 13.215202 13.215202 13.215202 13.215202 13.215202 13.215202 
0 sum_pwr_cmp 27.618321 proc_power 29.281848
12.031847 11.960729 11.951018 13.340243 13.340243 12.038802 12.030691 12.046447 13.340243 13.340243 13.340243 13.340243 13.340243 13.340243 13.340243 
0 sum_pwr_cmp 28.003041 proc_power 29.725883
12.203822 12.120850 12.109520 13.465283 13.465283 12.211936 12.202473 12.220855 13.465283 13.465283 13.465283 13.465283 13.465283 13.465283 13.465283 
1 sum_pwr_cmp 34.451372 proc_power 35.092546
First round
15.065690 
15.065690 14.298646 14.322924 15.292205 15.292205 14.951557 14.981241 15.032339 18.373974 18.373974 18.373974 18.373974 18.373974 18.373974 18.373974 
0 sum_pwr_cmp 27.586682 proc_power 29.363530
11.584788 11.329106 11.337199 12.720293 12.720293 11.546743 11.556638 11.573671 12.720293 12.720293 12.720293 12.720293 12.720293 12.720293 12.720293 
0 sum_pwr_cmp 28.042018 proc_power 29.936432
11.701745 11.394928 11.404639 12.746351 12.746351 11.656092 11.667966 11.688405 12.746351 12.746351 12.746351 12.746351 12.746351 12.746351 12.746351 
0 sum_pwr_cmp 28.497355 proc_power 30.509333
11.818703 11.460749 11.472079 12.772410 12.772410 11.765441 11.779293 11.803139 12.772410 12.772410 12.772410 12.772410 12.772410 12.772410 12.772410 
1 sum_pwr_cmp 33.836371 proc_power 34.483616
First round
15.058167 
15.058167 15.567603 15.529443 16.041423 16.041423 15.284830 15.233568 15.109874 17.463312 17.463312 17.463312 17.463312 17.463312 17.463312 17.463312 
0 sum_pwr_cmp 29.348492 proc_power 30.818495
12.012090 12.911182 12.873022 13.385002 13.385002 12.072804 12.055717 12.088686 13.385002 13.385002 13.385002 13.385002 13.385002 13.385002 13.385002 
0 sum_pwr_cmp 29.690639 proc_power 31.185007
12.210056 13.070182 13.032022 13.544002 13.544002 12.287365 12.266860 12.284163 13.544002 13.544002 13.544002 13.544002 13.544002 13.544002 13.544002 
0 sum_pwr_cmp 30.032785 proc_power 31.551519
12.408022 13.229183 13.191023 13.703003 13.703003 12.501926 12.478004 12.479640 13.703003 13.703003 13.703003 13.703003 13.703003 13.703003 13.703003 
First round
15.154012 
15.154012 15.155137 15.155137 16.067689 16.067689 15.162116 15.162116 15.162116 16.067689 15.162116 15.157192 16.067689 15.162116 16.067689 15.162116 
11.352055 11.352215 11.352215 12.842712 12.842712 11.353212 11.353212 11.353212 12.842712 11.353212 11.355235 12.842712 11.353212 12.842712 11.353212 
11.421830 11.422023 11.422023 12.893254 12.893254 11.423219 11.423219 11.423219 12.893254 11.423219 11.425010 12.893254 11.423219 12.893254 11.423219 
11.491605 11.491830 11.491830 12.943796 12.943796 11.493225 11.493225 11.493225 12.943796 11.493225 11.494785 12.943796 11.493225 12.943796 11.493225 
First round
19.088415 
19.088415 19.088415 19.088415 19.955808 19.955808 20.467906 20.467625 20.467625 19.955808 20.468187 19.088415 19.955808 20.467906 19.955808 20.467625 
11.358091 11.358091 11.358091 12.844861 12.844861 11.555161 11.555121 11.555121 12.844861 11.555201 11.358091 12.844861 11.555161 12.844861 11.555121 
11.429709 11.429709 11.429709 12.895833 12.895833 11.666193 11.666145 11.666145 12.895833 11.666241 11.429709 12.895833 11.666193 12.895833 11.666145 
11.501327 11.501327 11.501327 12.946805 12.946805 11.777225 11.777169 11.777169 12.946805 11.777281 11.501327 12.946805 11.777225 12.946805 11.777169 
First round
22.490840 
22.490840 22.490840 22.490840 23.784595 23.784595 22.700065 22.700906 22.785931 23.784595 22.766391 22.490840 23.784595 22.679931 23.784595 22.573913 
12.472457 12.472457 12.472457 14.020137 14.020137 12.502347 12.502467 12.514613 14.020137 12.511822 12.472457 14.020137 12.499470 14.020137 12.484325 
12.766949 12.766949 12.766949 14.306164 14.306164 12.802816 12.802960 12.817536 14.306164 12.814186 12.766949 14.306164 12.799365 14.306164 12.781190 
13.061440 13.061440 13.061440 14.592191 14.592191 13.103285 13.103454 13.120459 14.592191 13.116551 13.061440 14.592191 13.099259 14.592191 13.078055 
First round
22.936862 
22.936862 22.952361 22.952080 23.917223 23.917223 23.466369 23.232565 23.443238 23.917223 23.453406 22.923305 23.917223 23.298883 23.917223 23.275250 
12.264104 12.266318 12.266278 13.767013 13.767013 12.339748 12.306347 12.336444 13.767013 12.337896 12.262167 13.767013 12.315821 13.767013 12.312445 
12.516925 12.519582 12.519534 14.002415 14.002415 12.607698 12.567617 12.603732 14.002415 12.605475 12.514601 14.002415 12.578986 14.002415 12.574934 
12.769746 12.772846 12.772789 14.237818 14.237818 12.875647 12.828886 12.871021 14.237818 12.873055 12.767034 14.237818 12.842150 14.237818 12.837423 
First round
17.815606 
17.815606 17.800670 17.800670 18.527273 18.527273 18.657941 18.870744 18.665608 18.527273 18.626994 17.867811 18.527273 18.821265 18.527273 18.897894 
11.265001 11.262868 11.262868 12.729525 12.729525 11.385335 11.415735 11.386430 12.729525 11.380914 11.272459 12.729525 11.408667 12.729525 11.419614 
11.318002 11.315441 11.315441 12.757430 12.757430 11.462402 11.498882 11.463716 12.757430 11.457097 11.326951 12.757430 11.490400 12.757430 11.503537 
11.371002 11.368015 11.368015 12.785335 12.785335 11.539469 11.582029 11.541002 12.785335 11.533280 11.381443 12.785335 11.572134 12.785335 11.587459 
First round
18.073783 
18.073783 18.072940 18.073502 18.914029 18.914029 18.944093 18.901716 18.948927 18.914029 18.925227 18.035135 18.914029 18.895759 18.914029 18.916133 
11.252301 11.252181 11.252261 12.735194 12.735194 11.376631 11.370577 11.377322 12.735194 11.373936 11.246780 12.735194 11.369727 12.735194 11.372637 
11.302762 11.302617 11.302713 12.764232 12.764232 11.451958 11.444693 11.452786 12.764232 11.448724 11.296136 12.764232 11.443672 12.764232 11.447165 
11.353222 11.353053 11.353166 12.793271 12.793271 11.527284 11.518808 11.528251 12.793271 11.523511 11.345492 12.793271 11.517617 12.793271 11.521692 
First round
23.876035 
23.876035 23.842012 23.953902 24.757433 24.757433 23.901293 23.838058 24.315247 24.757433 24.174463 24.077230 24.757433 23.804190 24.757433 23.816838 
12.421156 12.416295 12.432279 13.909927 13.909927 12.424764 12.415730 12.483900 13.909927 12.463788 12.449898 13.909927 12.410892 13.909927 12.412699 
12.705387 12.699554 12.718735 14.173912 14.173912 12.709717 12.698876 12.780680 14.173912 12.756546 12.739877 14.173912 12.693070 14.173912 12.695239 
12.989618 12.982813 13.005191 14.437897 14.437897 12.994669 12.982022 13.077460 14.437897 13.049303 13.029857 14.437897 12.975249 14.437897 12.977779 
First round
22.126993 
22.126993 22.161016 22.049127 22.026538 22.026538 23.518522 23.509750 23.467681 22.026538 23.622669 21.925798 22.026538 23.536907 22.026538 23.484334 
11.316175 11.321035 11.305051 12.664681 12.664681 11.514965 11.513711 11.507702 12.664681 11.529843 11.287433 12.664681 11.517591 12.664681 11.510081 
11.379410 11.385242 11.366061 12.679617 12.679617 11.617957 11.616454 11.609242 12.679617 11.635811 11.344919 12.679617 11.621109 12.679617 11.612097 
11.442644 11.449449 11.427071 12.694554 12.694554 11.720950 11.719196 11.710782 12.694554 11.741780 11.402406 12.694554 11.724627 12.694554 11.714113 
First round
25.555667 
25.555667 25.551219 25.562044 26.970942 26.970942 26.649349 26.762076 26.239094 26.970942 26.394068 25.672929 26.970942 26.803528 26.970942 26.848219 
12.571855 12.571219 12.572766 14.136894 14.136894 12.728095 12.744199 12.669487 14.136894 12.691626 12.588606 14.136894 12.750120 14.136894 12.756505 
12.886225 12.885463 12.887319 14.446273 14.446273 13.073714 13.093038 13.003384 14.446273 13.029951 12.906328 14.446273 13.100145 14.446273 13.107806 
13.200596 13.199707 13.201872 14.755651 14.755651 13.419333 13.441878 13.337282 14.755651 13.368277 13.224049 14.755651 13.450169 14.755651 13.459107 
First round
23.691907 
23.691907 23.795057 24.149374 24.132063 24.132063 24.079774 24.006956 24.544181 24.132063 24.413478 24.289686 24.132063 24.051728 24.132063 23.856193 
12.045989 12.060725 12.111342 13.471726 13.471726 12.101399 12.090996 12.167743 13.471726 12.149071 12.131386 13.471726 12.097392 13.471726 12.069459 
12.255187 12.272870 12.333610 13.648071 13.648071 12.321679 12.309196 12.401291 13.648071 12.378885 12.357663 13.648071 12.316871 13.648071 12.283350 
12.464385 12.485015 12.555878 13.824416 13.824416 12.541958 12.527395 12.634840 13.824416 12.608699 12.583941 13.824416 12.536349 13.824416 12.497242 
First round
22.631317 
22.631317 22.532334 22.299232 22.981280 22.981280 24.279345 24.382501 23.875860 22.981280 24.129245 22.263987 22.981280 24.385973 22.981280 24.408107 
11.496795 11.482655 11.449355 12.909647 12.909647 11.732228 11.746964 11.674587 12.909647 11.710785 11.444320 12.909647 11.747460 12.909647 11.750622 
11.596154 11.579186 11.539226 12.973577 12.973577 11.878674 11.896357 11.809505 12.973577 11.852942 11.533184 12.973577 11.896953 12.973577 11.900747 
11.695514 11.675717 11.629097 13.037506 13.037506 12.025119 12.045750 11.944422 13.037506 11.995099 11.622048 13.037506 12.046445 13.037506 12.050871 
First round
25.637277 
25.637277 25.810906 26.052647 25.895238 25.895238 25.769464 25.722467 26.110601 25.895238 26.341103 25.996849 25.895238 25.896884 25.895238 25.631899 
12.255755 12.280559 12.315093 13.655463 13.655463 12.274638 12.267925 12.323372 13.655463 12.356301 12.307122 13.655463 12.292841 13.655463 12.254986 
12.506906 12.536671 12.578112 13.868556 13.868556 12.529566 12.521510 12.588047 13.868556 12.627561 12.568546 13.868556 12.551410 13.868556 12.505984 
12.758056 12.792782 12.841130 14.081649 14.081649 12.784494 12.775094 12.852721 14.081649 12.898822 12.829971 14.081649 12.809978 14.081649 12.756981 
First round
21.571151 
21.571151 21.397522 21.024022 21.873939 21.873939 23.350400 23.251467 23.181518 21.873939 22.759462 20.864149 21.873939 23.178170 21.873939 23.307892 
11.382467 11.357663 11.304305 12.788579 12.788579 11.636645 11.622512 11.612519 12.788579 11.552226 11.281467 12.788579 11.612041 12.788579 11.630573 
11.458960 11.429195 11.365167 12.828295 12.828295 11.763974 11.747014 11.735023 12.828295 11.662671 11.337760 12.828295 11.734449 12.828295 11.756687 
11.535454 11.500728 11.426028 12.868011 12.868011 11.891303 11.871517 11.857527 12.868011 11.773116 11.394053 12.868011 11.856857 12.868011 11.882802 
First round
15.154012 
15.154012 15.155137 15.155137 16.067689 16.067689 15.162116 15.162116 15.162116 16.067689 15.162116 15.157192 16.067689 15.162116 16.067689 15.162116 
11.352055 11.352215 11.352215 12.842712 12.842712 11.353212 11.353212 11.353212 12.842712 11.353212 11.355235 12.842712 11.353212 12.842712 11.353212 
11.421830 11.422023 11.422023 12.893254 12.893254 11.423219 11.423219 11.423219 12.893254 11.423219 11.425010 12.893254 11.423219 12.893254 11.423219 
11.491605 11.491830 11.491830 12.943796 12.943796 11.493225 11.493225 11.493225 12.943796 11.493225 11.494785 12.943796 11.493225 12.943796 11.493225 
First round
19.088415 
19.088415 19.088415 19.088415 19.955808 19.955808 20.467906 20.467625 20.467625 19.955808 20.468187 19.088415 19.955808 20.467906 19.955808 20.467625 
11.358091 11.358091 11.358091 12.844861 12.844861 11.555161 11.555121 11.555121 12.844861 11.555201 11.358091 12.844861 11.555161 12.844861 11.555121 
11.429709 11.429709 11.429709 12.895833 12.895833 11.666193 11.666145 11.666145 12.895833 11.666241 11.429709 12.895833 11.666193 12.895833 11.666145 
11.501327 11.501327 11.501327 12.946805 12.946805 11.777225 11.777169 11.777169 12.946805 11.777281 11.501327 12.946805 11.777225 12.946805 11.777169 
First round
22.490840 
22.490840 22.490840 22.490840 23.784595 23.784595 22.700065 22.700906 22.785931 23.784595 22.766391 22.490840 23.784595 22.679931 23.784595 22.573913 
12.472457 12.472457 12.472457 14.020137 14.020137 12.502347 12.502467 12.514613 14.020137 12.511822 12.472457 14.020137 12.499470 14.020137 12.484325 
12.766949 12.766949 12.766949 14.306164 14.306164 12.802816 12.802960 12.817536 14.306164 12.814186 12.766949 14.306164 12.799365 14.306164 12.781190 
13.061440 13.061440 13.061440 14.592191 14.592191 13.103285 13.103454 13.120459 14.592191 13.116551 13.061440 14.592191 13.099259 14.592191 13.078055 
First round
22.936862 
22.936862 22.952361 22.952080 23.917223 23.917223 23.466369 23.232565 23.443238 23.917223 23.453406 22.923305 23.917223 23.298883 23.917223 23.275250 
12.264104 12.266318 12.266278 13.767013 13.767013 12.339748 12.306347 12.336444 13.767013 12.337896 12.262167 13.767013 12.315821 13.767013 12.312445 
12.516925 12.519582 12.519534 14.002415 14.002415 12.607698 12.567617 12.603732 14.002415 12.605475 12.514601 14.002415 12.578986 14.002415 12.574934 
12.769746 12.772846 12.772789 14.237818 14.237818 12.875647 12.828886 12.871021 14.237818 12.873055 12.767034 14.237818 12.842150 14.237818 12.837423 
First round
17.815606 
17.815606 17.800670 17.800670 18.527273 18.527273 18.657941 18.870744 18.665608 18.527273 18.626994 17.867811 18.527273 18.821265 18.527273 18.897894 
11.265001 11.262868 11.262868 12.729525 12.729525 11.385335 11.415735 11.386430 12.729525 11.380914 11.272459 12.729525 11.408667 12.729525 11.419614 
11.318002 11.315441 11.315441 12.757430 12.757430 11.462402 11.498882 11.463716 12.757430 11.457097 11.326951 12.757430 11.490400 12.757430 11.503537 
11.371002 11.368015 11.368015 12.785335 12.785335 11.539469 11.582029 11.541002 12.785335 11.533280 11.381443 12.785335 11.572134 12.785335 11.587459 
First round
18.073783 
18.073783 18.072940 18.073502 18.914029 18.914029 18.944093 18.901716 18.948927 18.914029 18.925227 18.035135 18.914029 18.895759 18.914029 18.916133 
11.252301 11.252181 11.252261 12.735194 12.735194 11.376631 11.370577 11.377322 12.735194 11.373936 11.246780 12.735194 11.369727 12.735194 11.372637 
11.302762 11.302617 11.302713 12.764232 12.764232 11.451958 11.444693 11.452786 12.764232 11.448724 11.296136 12.764232 11.443672 12.764232 11.447165 
11.353222 11.353053 11.353166 12.793271 12.793271 11.527284 11.518808 11.528251 12.793271 11.523511 11.345492 12.793271 11.517617 12.793271 11.521692 
First round
23.876035 
23.876035 23.842012 23.953902 24.757433 24.757433 23.901293 23.838058 24.315247 24.757433 24.174463 24.077230 24.757433 23.804190 24.757433 23.816838 
12.421156 12.416295 12.432279 13.909927 13.909927 12.424764 12.415730 12.483900 13.909927 12.463788 12.449898 13.909927 12.410892 13.909927 12.412699 
12.705387 12.699554 12.718735 14.173912 14.173912 12.709717 12.698876 12.780680 14.173912 12.756546 12.739877 14.173912 12.693070 14.173912 12.695239 
12.989618 12.982813 13.005191 14.437897 14.437897 12.994669 12.982022 13.077460 14.437897 13.049303 13.029857 14.437897 12.975249 14.437897 12.977779 
First round
22.126993 
22.126993 22.161016 22.049127 22.026538 22.026538 23.518522 23.509750 23.467681 22.026538 23.622669 21.925798 22.026538 23.536907 22.026538 23.484334 
11.316175 11.321035 11.305051 12.664681 12.664681 11.514965 11.513711 11.507702 12.664681 11.529843 11.287433 12.664681 11.517591 12.664681 11.510081 
11.379410 11.385242 11.366061 12.679617 12.679617 11.617957 11.616454 11.609242 12.679617 11.635811 11.344919 12.679617 11.621109 12.679617 11.612097 
11.442644 11.449449 11.427071 12.694554 12.694554 11.720950 11.719196 11.710782 12.694554 11.741780 11.402406 12.694554 11.724627 12.694554 11.714113 
First round
25.555667 
25.555667 25.551219 25.562044 26.970942 26.970942 26.649349 26.762076 26.239094 26.970942 26.394068 25.672929 26.970942 26.803528 26.970942 26.848219 
12.571855 12.571219 12.572766 14.136894 14.136894 12.728095 12.744199 12.669487 14.136894 12.691626 12.588606 14.136894 12.750120 14.136894 12.756505 
12.886225 12.885463 12.887319 14.446273 14.446273 13.073714 13.093038 13.003384 14.446273 13.029951 12.906328 14.446273 13.100145 14.446273 13.107806 
13.200596 13.199707 13.201872 14.755651 14.755651 13.419333 13.441878 13.337282 14.755651 13.368277 13.224049 14.755651 13.450169 14.755651 13.459107 
First round
23.691907 
23.691907 23.795057 24.149374 24.132063 24.132063 24.079774 24.006956 24.544181 24.132063 24.413478 24.289686 24.132063 24.051728 24.132063 23.856193 
12.045989 12.060725 12.111342 13.471726 13.471726 12.101399 12.090996 12.167743 13.471726 12.149071 12.131386 13.471726 12.097392 13.471726 12.069459 
12.255187 12.272870 12.333610 13.648071 13.648071 12.321679 12.309196 12.401291 13.648071 12.378885 12.357663 13.648071 12.316871 13.648071 12.283350 
12.464385 12.485015 12.555878 13.824416 13.824416 12.541958 12.527395 12.634840 13.824416 12.608699 12.583941 13.824416 12.536349 13.824416 12.497242 
First round
22.631317 
22.631317 22.532334 22.299232 22.981280 22.981280 24.279345 24.382501 23.875860 22.981280 24.129245 22.263987 22.981280 24.385973 22.981280 24.408107 
11.496795 11.482655 11.449355 12.909647 12.909647 11.732228 11.746964 11.674587 12.909647 11.710785 11.444320 12.909647 11.747460 12.909647 11.750622 
11.596154 11.579186 11.539226 12.973577 12.973577 11.878674 11.896357 11.809505 12.973577 11.852942 11.533184 12.973577 11.896953 12.973577 11.900747 
11.695514 11.675717 11.629097 13.037506 13.037506 12.025119 12.045750 11.944422 13.037506 11.995099 11.622048 13.037506 12.046445 13.037506 12.050871 
First round
25.637277 
25.637277 25.810906 26.052647 25.895238 25.895238 25.769464 25.722467 26.110601 25.895238 26.341103 25.996849 25.895238 25.896884 25.895238 25.631899 
12.255755 12.280559 12.315093 13.655463 13.655463 12.274638 12.267925 12.323372 13.655463 12.356301 12.307122 13.655463 12.292841 13.655463 12.254986 
12.506906 12.536671 12.578112 13.868556 13.868556 12.529566 12.521510 12.588047 13.868556 12.627561 12.568546 13.868556 12.551410 13.868556 12.505984 
12.758056 12.792782 12.841130 14.081649 14.081649 12.784494 12.775094 12.852721 14.081649 12.898822 12.829971 14.081649 12.809978 14.081649 12.756981 
First round
21.571151 
21.571151 21.397522 21.024022 21.873939 21.873939 23.350400 23.251467 23.181518 21.873939 22.759462 20.864149 21.873939 23.178170 21.873939 23.307892 
11.382467 11.357663 11.304305 12.788579 12.788579 11.636645 11.622512 11.612519 12.788579 11.552226 11.281467 12.788579 11.612041 12.788579 11.630573 
11.458960 11.429195 11.365167 12.828295 12.828295 11.763974 11.747014 11.735023 12.828295 11.662671 11.337760 12.828295 11.734449 12.828295 11.756687 
11.535454 11.500728 11.426028 12.868011 12.868011 11.891303 11.871517 11.857527 12.868011 11.773116 11.394053 12.868011 11.856857 12.868011 11.882802 
First round
15.154012 
15.154012 15.155137 15.155137 16.067689 16.067689 15.162116 15.162116 15.162116 16.067689 15.162116 15.157192 16.067689 15.162116 16.067689 15.162116 
11.352055 11.352215 11.352215 12.842712 12.842712 11.353212 11.353212 11.353212 12.842712 11.353212 11.355235 12.842712 11.353212 12.842712 11.353212 
11.421830 11.422023 11.422023 12.893254 12.893254 11.423219 11.423219 11.423219 12.893254 11.423219 11.425010 12.893254 11.423219 12.893254 11.423219 
11.491605 11.491830 11.491830 12.943796 12.943796 11.493225 11.493225 11.493225 12.943796 11.493225 11.494785 12.943796 11.493225 12.943796 11.493225 
First round
19.088415 
19.088415 19.088415 19.088415 19.955808 19.955808 20.467906 20.467625 20.467625 19.955808 20.468187 19.088415 19.955808 20.467906 19.955808 20.467625 
11.358091 11.358091 11.358091 12.844861 12.844861 11.555161 11.555121 11.555121 12.844861 11.555201 11.358091 12.844861 11.555161 12.844861 11.555121 
11.429709 11.429709 11.429709 12.895833 12.895833 11.666193 11.666145 11.666145 12.895833 11.666241 11.429709 12.895833 11.666193 12.895833 11.666145 
11.501327 11.501327 11.501327 12.946805 12.946805 11.777225 11.777169 11.777169 12.946805 11.777281 11.501327 12.946805 11.777225 12.946805 11.777169 
First round
22.490840 
22.490840 22.490840 22.490840 23.784595 23.784595 22.700065 22.700906 22.785931 23.784595 22.766391 22.490840 23.784595 22.679931 23.784595 22.573913 
12.472457 12.472457 12.472457 14.020137 14.020137 12.502347 12.502467 12.514613 14.020137 12.511822 12.472457 14.020137 12.499470 14.020137 12.484325 
12.766949 12.766949 12.766949 14.306164 14.306164 12.802816 12.802960 12.817536 14.306164 12.814186 12.766949 14.306164 12.799365 14.306164 12.781190 
13.061440 13.061440 13.061440 14.592191 14.592191 13.103285 13.103454 13.120459 14.592191 13.116551 13.061440 14.592191 13.099259 14.592191 13.078055 
First round
22.936862 
22.936862 22.952361 22.952080 23.917223 23.917223 23.466369 23.232565 23.443238 23.917223 23.453406 22.923305 23.917223 23.298883 23.917223 23.275250 
12.264104 12.266318 12.266278 13.767013 13.767013 12.339748 12.306347 12.336444 13.767013 12.337896 12.262167 13.767013 12.315821 13.767013 12.312445 
12.516925 12.519582 12.519534 14.002415 14.002415 12.607698 12.567617 12.603732 14.002415 12.605475 12.514601 14.002415 12.578986 14.002415 12.574934 
12.769746 12.772846 12.772789 14.237818 14.237818 12.875647 12.828886 12.871021 14.237818 12.873055 12.767034 14.237818 12.842150 14.237818 12.837423 
First round
17.815606 
17.815606 17.800670 17.800670 18.527273 18.527273 18.657941 18.870744 18.665608 18.527273 18.626994 17.867811 18.527273 18.821265 18.527273 18.897894 
11.265001 11.262868 11.262868 12.729525 12.729525 11.385335 11.415735 11.386430 12.729525 11.380914 11.272459 12.729525 11.408667 12.729525 11.419614 
11.318002 11.315441 11.315441 12.757430 12.757430 11.462402 11.498882 11.463716 12.757430 11.457097 11.326951 12.757430 11.490400 12.757430 11.503537 
11.371002 11.368015 11.368015 12.785335 12.785335 11.539469 11.582029 11.541002 12.785335 11.533280 11.381443 12.785335 11.572134 12.785335 11.587459 
First round
18.073783 
18.073783 18.072940 18.073502 18.914029 18.914029 18.944093 18.901716 18.948927 18.914029 18.925227 18.035135 18.914029 18.895759 18.914029 18.916133 
11.252301 11.252181 11.252261 12.735194 12.735194 11.376631 11.370577 11.377322 12.735194 11.373936 11.246780 12.735194 11.369727 12.735194 11.372637 
11.302762 11.302617 11.302713 12.764232 12.764232 11.451958 11.444693 11.452786 12.764232 11.448724 11.296136 12.764232 11.443672 12.764232 11.447165 
11.353222 11.353053 11.353166 12.793271 12.793271 11.527284 11.518808 11.528251 12.793271 11.523511 11.345492 12.793271 11.517617 12.793271 11.521692 
First round
23.876035 
23.876035 23.842012 23.953902 24.757433 24.757433 23.901293 23.838058 24.315247 24.757433 24.174463 24.077230 24.757433 23.804190 24.757433 23.816838 
12.421156 12.416295 12.432279 13.909927 13.909927 12.424764 12.415730 12.483900 13.909927 12.463788 12.449898 13.909927 12.410892 13.909927 12.412699 
12.705387 12.699554 12.718735 14.173912 14.173912 12.709717 12.698876 12.780680 14.173912 12.756546 12.739877 14.173912 12.693070 14.173912 12.695239 
12.989618 12.982813 13.005191 14.437897 14.437897 12.994669 12.982022 13.077460 14.437897 13.049303 13.029857 14.437897 12.975249 14.437897 12.977779 
First round
22.126993 
22.126993 22.161016 22.049127 22.026538 22.026538 23.518522 23.509750 23.467681 22.026538 23.622669 21.925798 22.026538 23.536907 22.026538 23.484334 
11.316175 11.321035 11.305051 12.664681 12.664681 11.514965 11.513711 11.507702 12.664681 11.529843 11.287433 12.664681 11.517591 12.664681 11.510081 
11.379410 11.385242 11.366061 12.679617 12.679617 11.617957 11.616454 11.609242 12.679617 11.635811 11.344919 12.679617 11.621109 12.679617 11.612097 
11.442644 11.449449 11.427071 12.694554 12.694554 11.720950 11.719196 11.710782 12.694554 11.741780 11.402406 12.694554 11.724627 12.694554 11.714113 
First round
25.555667 
25.555667 25.551219 25.562044 26.970942 26.970942 26.649349 26.762076 26.239094 26.970942 26.394068 25.672929 26.970942 26.803528 26.970942 26.848219 
12.571855 12.571219 12.572766 14.136894 14.136894 12.728095 12.744199 12.669487 14.136894 12.691626 12.588606 14.136894 12.750120 14.136894 12.756505 
12.886225 12.885463 12.887319 14.446273 14.446273 13.073714 13.093038 13.003384 14.446273 13.029951 12.906328 14.446273 13.100145 14.446273 13.107806 
13.200596 13.199707 13.201872 14.755651 14.755651 13.419333 13.441878 13.337282 14.755651 13.368277 13.224049 14.755651 13.450169 14.755651 13.459107 
First round
23.691907 
23.691907 23.795057 24.149374 24.132063 24.132063 24.079774 24.006956 24.544181 24.132063 24.413478 24.289686 24.132063 24.051728 24.132063 23.856193 
12.045989 12.060725 12.111342 13.471726 13.471726 12.101399 12.090996 12.167743 13.471726 12.149071 12.131386 13.471726 12.097392 13.471726 12.069459 
12.255187 12.272870 12.333610 13.648071 13.648071 12.321679 12.309196 12.401291 13.648071 12.378885 12.357663 13.648071 12.316871 13.648071 12.283350 
12.464385 12.485015 12.555878 13.824416 13.824416 12.541958 12.527395 12.634840 13.824416 12.608699 12.583941 13.824416 12.536349 13.824416 12.497242 
First round
22.631317 
22.631317 22.532334 22.299232 22.981280 22.981280 24.279345 24.382501 23.875860 22.981280 24.129245 22.263987 22.981280 24.385973 22.981280 24.408107 
11.496795 11.482655 11.449355 12.909647 12.909647 11.732228 11.746964 11.674587 12.909647 11.710785 11.444320 12.909647 11.747460 12.909647 11.750622 
11.596154 11.579186 11.539226 12.973577 12.973577 11.878674 11.896357 11.809505 12.973577 11.852942 11.533184 12.973577 11.896953 12.973577 11.900747 
11.695514 11.675717 11.629097 13.037506 13.037506 12.025119 12.045750 11.944422 13.037506 11.995099 11.622048 13.037506 12.046445 13.037506 12.050871 
First round
25.637277 
25.637277 25.810906 26.052647 25.895238 25.895238 25.769464 25.722467 26.110601 25.895238 26.341103 25.996849 25.895238 25.896884 25.895238 25.631899 
12.255755 12.280559 12.315093 13.655463 13.655463 12.274638 12.267925 12.323372 13.655463 12.356301 12.307122 13.655463 12.292841 13.655463 12.254986 
12.506906 12.536671 12.578112 13.868556 13.868556 12.529566 12.521510 12.588047 13.868556 12.627561 12.568546 13.868556 12.551410 13.868556 12.505984 
12.758056 12.792782 12.841130 14.081649 14.081649 12.784494 12.775094 12.852721 14.081649 12.898822 12.829971 14.081649 12.809978 14.081649 12.756981 
First round
21.571151 
21.571151 21.397522 21.024022 21.873939 21.873939 23.350400 23.251467 23.181518 21.873939 22.759462 20.864149 21.873939 23.178170 21.873939 23.307892 
11.382467 11.357663 11.304305 12.788579 12.788579 11.636645 11.622512 11.612519 12.788579 11.552226 11.281467 12.788579 11.612041 12.788579 11.630573 
11.458960 11.429195 11.365167 12.828295 12.828295 11.763974 11.747014 11.735023 12.828295 11.662671 11.337760 12.828295 11.734449 12.828295 11.756687 
11.535454 11.500728 11.426028 12.868011 12.868011 11.891303 11.871517 11.857527 12.868011 11.773116 11.394053 12.868011 11.856857 12.868011 11.882802 
First round
15.154012 
15.154012 15.155137 15.155137 16.067689 16.067689 15.162116 15.162116 15.162116 16.067689 15.162116 15.157192 16.067689 15.162116 16.067689 15.162116 
11.352055 11.352215 11.352215 12.842712 12.842712 11.353212 11.353212 11.353212 12.842712 11.353212 11.355235 12.842712 11.353212 12.842712 11.353212 
11.421830 11.422023 11.422023 12.893254 12.893254 11.423219 11.423219 11.423219 12.893254 11.423219 11.425010 12.893254 11.423219 12.893254 11.423219 
11.491605 11.491830 11.491830 12.943796 12.943796 11.493225 11.493225 11.493225 12.943796 11.493225 11.494785 12.943796 11.493225 12.943796 11.493225 
First round
19.088415 
19.088415 19.088415 19.088415 19.955808 19.955808 20.467906 20.467625 20.467625 19.955808 20.468187 19.088415 19.955808 20.467906 19.955808 20.467625 
11.358091 11.358091 11.358091 12.844861 12.844861 11.555161 11.555121 11.555121 12.844861 11.555201 11.358091 12.844861 11.555161 12.844861 11.555121 
11.429709 11.429709 11.429709 12.895833 12.895833 11.666193 11.666145 11.666145 12.895833 11.666241 11.429709 12.895833 11.666193 12.895833 11.666145 
11.501327 11.501327 11.501327 12.946805 12.946805 11.777225 11.777169 11.777169 12.946805 11.777281 11.501327 12.946805 11.777225 12.946805 11.777169 
First round
22.490840 
22.490840 22.490840 22.490840 23.784595 23.784595 22.700065 22.700906 22.785931 23.784595 22.766391 22.490840 23.784595 22.679931 23.784595 22.573913 
12.472457 12.472457 12.472457 14.020137 14.020137 12.502347 12.502467 12.514613 14.020137 12.511822 12.472457 14.020137 12.499470 14.020137 12.484325 
12.766949 12.766949 12.766949 14.306164 14.306164 12.802816 12.802960 12.817536 14.306164 12.814186 12.766949 14.306164 12.799365 14.306164 12.781190 
13.061440 13.061440 13.061440 14.592191 14.592191 13.103285 13.103454 13.120459 14.592191 13.116551 13.061440 14.592191 13.099259 14.592191 13.078055 
First round
22.936862 
22.936862 22.952361 22.952080 23.917223 23.917223 23.466369 23.232565 23.443238 23.917223 23.453406 22.923305 23.917223 23.298883 23.917223 23.275250 
12.264104 12.266318 12.266278 13.767013 13.767013 12.339748 12.306347 12.336444 13.767013 12.337896 12.262167 13.767013 12.315821 13.767013 12.312445 
12.516925 12.519582 12.519534 14.002415 14.002415 12.607698 12.567617 12.603732 14.002415 12.605475 12.514601 14.002415 12.578986 14.002415 12.574934 
12.769746 12.772846 12.772789 14.237818 14.237818 12.875647 12.828886 12.871021 14.237818 12.873055 12.767034 14.237818 12.842150 14.237818 12.837423 
First round
17.815606 
17.815606 17.800670 17.800670 18.527273 18.527273 18.657941 18.870744 18.665608 18.527273 18.626994 17.867811 18.527273 18.821265 18.527273 18.897894 
11.265001 11.262868 11.262868 12.729525 12.729525 11.385335 11.415735 11.386430 12.729525 11.380914 11.272459 12.729525 11.408667 12.729525 11.419614 
11.318002 11.315441 11.315441 12.757430 12.757430 11.462402 11.498882 11.463716 12.757430 11.457097 11.326951 12.757430 11.490400 12.757430 11.503537 
11.371002 11.368015 11.368015 12.785335 12.785335 11.539469 11.582029 11.541002 12.785335 11.533280 11.381443 12.785335 11.572134 12.785335 11.587459 
First round
18.073783 
18.073783 18.072940 18.073502 18.914029 18.914029 18.944093 18.901716 18.948927 18.914029 18.925227 18.035135 18.914029 18.895759 18.914029 18.916133 
11.252301 11.252181 11.252261 12.735194 12.735194 11.376631 11.370577 11.377322 12.735194 11.373936 11.246780 12.735194 11.369727 12.735194 11.372637 
11.302762 11.302617 11.302713 12.764232 12.764232 11.451958 11.444693 11.452786 12.764232 11.448724 11.296136 12.764232 11.443672 12.764232 11.447165 
11.353222 11.353053 11.353166 12.793271 12.793271 11.527284 11.518808 11.528251 12.793271 11.523511 11.345492 12.793271 11.517617 12.793271 11.521692 
First round
23.876035 
23.876035 23.842012 23.953902 24.757433 24.757433 23.901293 23.838058 24.315247 24.757433 24.174463 24.077230 24.757433 23.804190 24.757433 23.816838 
12.421156 12.416295 12.432279 13.909927 13.909927 12.424764 12.415730 12.483900 13.909927 12.463788 12.449898 13.909927 12.410892 13.909927 12.412699 
12.705387 12.699554 12.718735 14.173912 14.173912 12.709717 12.698876 12.780680 14.173912 12.756546 12.739877 14.173912 12.693070 14.173912 12.695239 
12.989618 12.982813 13.005191 14.437897 14.437897 12.994669 12.982022 13.077460 14.437897 13.049303 13.029857 14.437897 12.975249 14.437897 12.977779 
First round
22.126993 
22.126993 22.161016 22.049127 22.026538 22.026538 23.518522 23.509750 23.467681 22.026538 23.622669 21.925798 22.026538 23.536907 22.026538 23.484334 
11.316175 11.321035 11.305051 12.664681 12.664681 11.514965 11.513711 11.507702 12.664681 11.529843 11.287433 12.664681 11.517591 12.664681 11.510081 
11.379410 11.385242 11.366061 12.679617 12.679617 11.617957 11.616454 11.609242 12.679617 11.635811 11.344919 12.679617 11.621109 12.679617 11.612097 
11.442644 11.449449 11.427071 12.694554 12.694554 11.720950 11.719196 11.710782 12.694554 11.741780 11.402406 12.694554 11.724627 12.694554 11.714113 
First round
25.555667 
25.555667 25.551219 25.562044 26.970942 26.970942 26.649349 26.762076 26.239094 26.970942 26.394068 25.672929 26.970942 26.803528 26.970942 26.848219 
12.571855 12.571219 12.572766 14.136894 14.136894 12.728095 12.744199 12.669487 14.136894 12.691626 12.588606 14.136894 12.750120 14.136894 12.756505 
12.886225 12.885463 12.887319 14.446273 14.446273 13.073714 13.093038 13.003384 14.446273 13.029951 12.906328 14.446273 13.100145 14.446273 13.107806 
13.200596 13.199707 13.201872 14.755651 14.755651 13.419333 13.441878 13.337282 14.755651 13.368277 13.224049 14.755651 13.450169 14.755651 13.459107 
First round
23.691907 
23.691907 23.795057 24.149374 24.132063 24.132063 24.079774 24.006956 24.544181 24.132063 24.413478 24.289686 24.132063 24.051728 24.132063 23.856193 
12.045989 12.060725 12.111342 13.471726 13.471726 12.101399 12.090996 12.167743 13.471726 12.149071 12.131386 13.471726 12.097392 13.471726 12.069459 
12.255187 12.272870 12.333610 13.648071 13.648071 12.321679 12.309196 12.401291 13.648071 12.378885 12.357663 13.648071 12.316871 13.648071 12.283350 
12.464385 12.485015 12.555878 13.824416 13.824416 12.541958 12.527395 12.634840 13.824416 12.608699 12.583941 13.824416 12.536349 13.824416 12.497242 
First round
22.631317 
22.631317 22.532334 22.299232 22.981280 22.981280 24.279345 24.382501 23.875860 22.981280 24.129245 22.263987 22.981280 24.385973 22.981280 24.408107 
11.496795 11.482655 11.449355 12.909647 12.909647 11.732228 11.746964 11.674587 12.909647 11.710785 11.444320 12.909647 11.747460 12.909647 11.750622 
11.596154 11.579186 11.539226 12.973577 12.973577 11.878674 11.896357 11.809505 12.973577 11.852942 11.533184 12.973577 11.896953 12.973577 11.900747 
11.695514 11.675717 11.629097 13.037506 13.037506 12.025119 12.045750 11.944422 13.037506 11.995099 11.622048 13.037506 12.046445 13.037506 12.050871 
First round
25.637277 
25.637277 25.810906 26.052647 25.895238 25.895238 25.769464 25.722467 26.110601 25.895238 26.341103 25.996849 25.895238 25.896884 25.895238 25.631899 
12.255755 12.280559 12.315093 13.655463 13.655463 12.274638 12.267925 12.323372 13.655463 12.356301 12.307122 13.655463 12.292841 13.655463 12.254986 
12.506906 12.536671 12.578112 13.868556 13.868556 12.529566 12.521510 12.588047 13.868556 12.627561 12.568546 13.868556 12.551410 13.868556 12.505984 
12.758056 12.792782 12.841130 14.081649 14.081649 12.784494 12.775094 12.852721 14.081649 12.898822 12.829971 14.081649 12.809978 14.081649 12.756981 
First round
21.571151 
21.571151 21.397522 21.024022 21.873939 21.873939 23.350400 23.251467 23.181518 21.873939 22.759462 20.864149 21.873939 23.178170 21.873939 23.307892 
11.382467 11.357663 11.304305 12.788579 12.788579 11.636645 11.622512 11.612519 12.788579 11.552226 11.281467 12.788579 11.612041 12.788579 11.630573 
11.458960 11.429195 11.365167 12.828295 12.828295 11.763974 11.747014 11.735023 12.828295 11.662671 11.337760 12.828295 11.734449 12.828295 11.756687 
11.535454 11.500728 11.426028 12.868011 12.868011 11.891303 11.871517 11.857527 12.868011 11.773116 11.394053 12.868011 11.856857 12.868011 11.882802 
First round
15.154012 
15.154012 15.155137 15.155137 16.067689 16.067689 15.162116 15.162116 15.162116 16.067689 15.162116 15.157192 16.067689 15.162116 16.067689 15.162116 
11.352055 11.352215 11.352215 12.842712 12.842712 11.353212 11.353212 11.353212 12.842712 11.353212 11.355235 12.842712 11.353212 12.842712 11.353212 
11.421830 11.422023 11.422023 12.893254 12.893254 11.423219 11.423219 11.423219 12.893254 11.423219 11.425010 12.893254 11.423219 12.893254 11.423219 
11.491605 11.491830 11.491830 12.943796 12.943796 11.493225 11.493225 11.493225 12.943796 11.493225 11.494785 12.943796 11.493225 12.943796 11.493225 
First round
19.088415 
19.088415 19.088415 19.088415 19.955808 19.955808 20.467906 20.467625 20.467625 19.955808 20.468187 19.088415 19.955808 20.467906 19.955808 20.467625 
11.358091 11.358091 11.358091 12.844861 12.844861 11.555161 11.555121 11.555121 12.844861 11.555201 11.358091 12.844861 11.555161 12.844861 11.555121 
11.429709 11.429709 11.429709 12.895833 12.895833 11.666193 11.666145 11.666145 12.895833 11.666241 11.429709 12.895833 11.666193 12.895833 11.666145 
11.501327 11.501327 11.501327 12.946805 12.946805 11.777225 11.777169 11.777169 12.946805 11.777281 11.501327 12.946805 11.777225 12.946805 11.777169 
First round
22.490840 
22.490840 22.490840 22.490840 23.784595 23.784595 22.700065 22.700906 22.785931 23.784595 22.766391 22.490840 23.784595 22.679931 23.784595 22.573913 
12.472457 12.472457 12.472457 14.020137 14.020137 12.502347 12.502467 12.514613 14.020137 12.511822 12.472457 14.020137 12.499470 14.020137 12.484325 
12.766949 12.766949 12.766949 14.306164 14.306164 12.802816 12.802960 12.817536 14.306164 12.814186 12.766949 14.306164 12.799365 14.306164 12.781190 
13.061440 13.061440 13.061440 14.592191 14.592191 13.103285 13.103454 13.120459 14.592191 13.116551 13.061440 14.592191 13.099259 14.592191 13.078055 
First round
22.936862 
22.936862 22.952361 22.952080 23.917223 23.917223 23.466369 23.232565 23.443238 23.917223 23.453406 22.923305 23.917223 23.298883 23.917223 23.275250 
12.264104 12.266318 12.266278 13.767013 13.767013 12.339748 12.306347 12.336444 13.767013 12.337896 12.262167 13.767013 12.315821 13.767013 12.312445 
12.516925 12.519582 12.519534 14.002415 14.002415 12.607698 12.567617 12.603732 14.002415 12.605475 12.514601 14.002415 12.578986 14.002415 12.574934 
12.769746 12.772846 12.772789 14.237818 14.237818 12.875647 12.828886 12.871021 14.237818 12.873055 12.767034 14.237818 12.842150 14.237818 12.837423 
First round
17.815606 
17.815606 17.800670 17.800670 18.527273 18.527273 18.657941 18.870744 18.665608 18.527273 18.626994 17.867811 18.527273 18.821265 18.527273 18.897894 
11.265001 11.262868 11.262868 12.729525 12.729525 11.385335 11.415735 11.386430 12.729525 11.380914 11.272459 12.729525 11.408667 12.729525 11.419614 
11.318002 11.315441 11.315441 12.757430 12.757430 11.462402 11.498882 11.463716 12.757430 11.457097 11.326951 12.757430 11.490400 12.757430 11.503537 
11.371002 11.368015 11.368015 12.785335 12.785335 11.539469 11.582029 11.541002 12.785335 11.533280 11.381443 12.785335 11.572134 12.785335 11.587459 
First round
18.073783 
18.073783 18.072940 18.073502 18.914029 18.914029 18.944093 18.901716 18.948927 18.914029 18.925227 18.035135 18.914029 18.895759 18.914029 18.916133 
11.252301 11.252181 11.252261 12.735194 12.735194 11.376631 11.370577 11.377322 12.735194 11.373936 11.246780 12.735194 11.369727 12.735194 11.372637 
11.302762 11.302617 11.302713 12.764232 12.764232 11.451958 11.444693 11.452786 12.764232 11.448724 11.296136 12.764232 11.443672 12.764232 11.447165 
11.353222 11.353053 11.353166 12.793271 12.793271 11.527284 11.518808 11.528251 12.793271 11.523511 11.345492 12.793271 11.517617 12.793271 11.521692 
First round
23.876035 
23.876035 23.842012 23.953902 24.757433 24.757433 23.901293 23.838058 24.315247 24.757433 24.174463 24.077230 24.757433 23.804190 24.757433 23.816838 
12.421156 12.416295 12.432279 13.909927 13.909927 12.424764 12.415730 12.483900 13.909927 12.463788 12.449898 13.909927 12.410892 13.909927 12.412699 
12.705387 12.699554 12.718735 14.173912 14.173912 12.709717 12.698876 12.780680 14.173912 12.756546 12.739877 14.173912 12.693070 14.173912 12.695239 
12.989618 12.982813 13.005191 14.437897 14.437897 12.994669 12.982022 13.077460 14.437897 13.049303 13.029857 14.437897 12.975249 14.437897 12.977779 
First round
22.126993 
22.126993 22.161016 22.049127 22.026538 22.026538 23.518522 23.509750 23.467681 22.026538 23.622669 21.925798 22.026538 23.536907 22.026538 23.484334 
11.316175 11.321035 11.305051 12.664681 12.664681 11.514965 11.513711 11.507702 12.664681 11.529843 11.287433 12.664681 11.517591 12.664681 11.510081 
11.379410 11.385242 11.366061 12.679617 12.679617 11.617957 11.616454 11.609242 12.679617 11.635811 11.344919 12.679617 11.621109 12.679617 11.612097 
11.442644 11.449449 11.427071 12.694554 12.694554 11.720950 11.719196 11.710782 12.694554 11.741780 11.402406 12.694554 11.724627 12.694554 11.714113 
First round
25.555667 
25.555667 25.551219 25.562044 26.970942 26.970942 26.649349 26.762076 26.239094 26.970942 26.394068 25.672929 26.970942 26.803528 26.970942 26.848219 
12.571855 12.571219 12.572766 14.136894 14.136894 12.728095 12.744199 12.669487 14.136894 12.691626 12.588606 14.136894 12.750120 14.136894 12.756505 
12.886225 12.885463 12.887319 14.446273 14.446273 13.073714 13.093038 13.003384 14.446273 13.029951 12.906328 14.446273 13.100145 14.446273 13.107806 
13.200596 13.199707 13.201872 14.755651 14.755651 13.419333 13.441878 13.337282 14.755651 13.368277 13.224049 14.755651 13.450169 14.755651 13.459107 
First round
23.691907 
23.691907 23.795057 24.149374 24.132063 24.132063 24.079774 24.006956 24.544181 24.132063 24.413478 24.289686 24.132063 24.051728 24.132063 23.856193 
12.045989 12.060725 12.111342 13.471726 13.471726 12.101399 12.090996 12.167743 13.471726 12.149071 12.131386 13.471726 12.097392 13.471726 12.069459 
12.255187 12.272870 12.333610 13.648071 13.648071 12.321679 12.309196 12.401291 13.648071 12.378885 12.357663 13.648071 12.316871 13.648071 12.283350 
12.464385 12.485015 12.555878 13.824416 13.824416 12.541958 12.527395 12.634840 13.824416 12.608699 12.583941 13.824416 12.536349 13.824416 12.497242 
First round
22.631317 
22.631317 22.532334 22.299232 22.981280 22.981280 24.279345 24.382501 23.875860 22.981280 24.129245 22.263987 22.981280 24.385973 22.981280 24.408107 
11.496795 11.482655 11.449355 12.909647 12.909647 11.732228 11.746964 11.674587 12.909647 11.710785 11.444320 12.909647 11.747460 12.909647 11.750622 
11.596154 11.579186 11.539226 12.973577 12.973577 11.878674 11.896357 11.809505 12.973577 11.852942 11.533184 12.973577 11.896953 12.973577 11.900747 
11.695514 11.675717 11.629097 13.037506 13.037506 12.025119 12.045750 11.944422 13.037506 11.995099 11.622048 13.037506 12.046445 13.037506 12.050871 
First round
25.637277 
25.637277 25.810906 26.052647 25.895238 25.895238 25.769464 25.722467 26.110601 25.895238 26.341103 25.996849 25.895238 25.896884 25.895238 25.631899 
12.255755 12.280559 12.315093 13.655463 13.655463 12.274638 12.267925 12.323372 13.655463 12.356301 12.307122 13.655463 12.292841 13.655463 12.254986 
12.506906 12.536671 12.578112 13.868556 13.868556 12.529566 12.521510 12.588047 13.868556 12.627561 12.568546 13.868556 12.551410 13.868556 12.505984 
12.758056 12.792782 12.841130 14.081649 14.081649 12.784494 12.775094 12.852721 14.081649 12.898822 12.829971 14.081649 12.809978 14.081649 12.756981 
First round
21.571151 
21.571151 21.397522 21.024022 21.873939 21.873939 23.350400 23.251467 23.181518 21.873939 22.759462 20.864149 21.873939 23.178170 21.873939 23.307892 
11.382467 11.357663 11.304305 12.788579 12.788579 11.636645 11.622512 11.612519 12.788579 11.552226 11.281467 12.788579 11.612041 12.788579 11.630573 
11.458960 11.429195 11.365167 12.828295 12.828295 11.763974 11.747014 11.735023 12.828295 11.662671 11.337760 12.828295 11.734449 12.828295 11.756687 
11.535454 11.500728 11.426028 12.868011 12.868011 11.891303 11.871517 11.857527 12.868011 11.773116 11.394053 12.868011 11.856857 12.868011 11.882802 
First round
15.154012 
15.154012 15.155137 15.155137 16.067689 16.067689 15.162116 15.162116 15.162116 16.067689 15.162116 15.157192 16.067689 15.162116 16.067689 15.162116 
11.352055 11.352215 11.352215 12.842712 12.842712 11.353212 11.353212 11.353212 12.842712 11.353212 11.355235 12.842712 11.353212 12.842712 11.353212 
11.421830 11.422023 11.422023 12.893254 12.893254 11.423219 11.423219 11.423219 12.893254 11.423219 11.425010 12.893254 11.423219 12.893254 11.423219 
11.491605 11.491830 11.491830 12.943796 12.943796 11.493225 11.493225 11.493225 12.943796 11.493225 11.494785 12.943796 11.493225 12.943796 11.493225 
First round
19.088415 
19.088415 19.088415 19.088415 19.955808 19.955808 20.467906 20.467625 20.467625 19.955808 20.468187 19.088415 19.955808 20.467906 19.955808 20.467625 
11.358091 11.358091 11.358091 12.844861 12.844861 11.555161 11.555121 11.555121 12.844861 11.555201 11.358091 12.844861 11.555161 12.844861 11.555121 
11.429709 11.429709 11.429709 12.895833 12.895833 11.666193 11.666145 11.666145 12.895833 11.666241 11.429709 12.895833 11.666193 12.895833 11.666145 
11.501327 11.501327 11.501327 12.946805 12.946805 11.777225 11.777169 11.777169 12.946805 11.777281 11.501327 12.946805 11.777225 12.946805 11.777169 
First round
22.490840 
22.490840 22.490840 22.490840 23.784595 23.784595 22.700065 22.700906 22.785931 23.784595 22.766391 22.490840 23.784595 22.679931 23.784595 22.573913 
12.472457 12.472457 12.472457 14.020137 14.020137 12.502347 12.502467 12.514613 14.020137 12.511822 12.472457 14.020137 12.499470 14.020137 12.484325 
12.766949 12.766949 12.766949 14.306164 14.306164 12.802816 12.802960 12.817536 14.306164 12.814186 12.766949 14.306164 12.799365 14.306164 12.781190 
13.061440 13.061440 13.061440 14.592191 14.592191 13.103285 13.103454 13.120459 14.592191 13.116551 13.061440 14.592191 13.099259 14.592191 13.078055 
First round
22.936862 
22.936862 22.952361 22.952080 23.917223 23.917223 23.466369 23.232565 23.443238 23.917223 23.453406 22.923305 23.917223 23.298883 23.917223 23.275250 
12.264104 12.266318 12.266278 13.767013 13.767013 12.339748 12.306347 12.336444 13.767013 12.337896 12.262167 13.767013 12.315821 13.767013 12.312445 
12.516925 12.519582 12.519534 14.002415 14.002415 12.607698 12.567617 12.603732 14.002415 12.605475 12.514601 14.002415 12.578986 14.002415 12.574934 
12.769746 12.772846 12.772789 14.237818 14.237818 12.875647 12.828886 12.871021 14.237818 12.873055 12.767034 14.237818 12.842150 14.237818 12.837423 
First round
17.815606 
17.815606 17.800670 17.800670 18.527273 18.527273 18.657941 18.870744 18.665608 18.527273 18.626994 17.867811 18.527273 18.821265 18.527273 18.897894 
11.265001 11.262868 11.262868 12.729525 12.729525 11.385335 11.415735 11.386430 12.729525 11.380914 11.272459 12.729525 11.408667 12.729525 11.419614 
11.318002 11.315441 11.315441 12.757430 12.757430 11.462402 11.498882 11.463716 12.757430 11.457097 11.326951 12.757430 11.490400 12.757430 11.503537 
11.371002 11.368015 11.368015 12.785335 12.785335 11.539469 11.582029 11.541002 12.785335 11.533280 11.381443 12.785335 11.572134 12.785335 11.587459 
First round
18.073783 
18.073783 18.072940 18.073502 18.914029 18.914029 18.944093 18.901716 18.948927 18.914029 18.925227 18.035135 18.914029 18.895759 18.914029 18.916133 
11.252301 11.252181 11.252261 12.735194 12.735194 11.376631 11.370577 11.377322 12.735194 11.373936 11.246780 12.735194 11.369727 12.735194 11.372637 
11.302762 11.302617 11.302713 12.764232 12.764232 11.451958 11.444693 11.452786 12.764232 11.448724 11.296136 12.764232 11.443672 12.764232 11.447165 
11.353222 11.353053 11.353166 12.793271 12.793271 11.527284 11.518808 11.528251 12.793271 11.523511 11.345492 12.793271 11.517617 12.793271 11.521692 
First round
23.876035 
23.876035 23.842012 23.953902 24.757433 24.757433 23.901293 23.838058 24.315247 24.757433 24.174463 24.077230 24.757433 23.804190 24.757433 23.816838 
12.421156 12.416295 12.432279 13.909927 13.909927 12.424764 12.415730 12.483900 13.909927 12.463788 12.449898 13.909927 12.410892 13.909927 12.412699 
12.705387 12.699554 12.718735 14.173912 14.173912 12.709717 12.698876 12.780680 14.173912 12.756546 12.739877 14.173912 12.693070 14.173912 12.695239 
12.989618 12.982813 13.005191 14.437897 14.437897 12.994669 12.982022 13.077460 14.437897 13.049303 13.029857 14.437897 12.975249 14.437897 12.977779 
First round
22.126993 
22.126993 22.161016 22.049127 22.026538 22.026538 23.518522 23.509750 23.467681 22.026538 23.622669 21.925798 22.026538 23.536907 22.026538 23.484334 
11.316175 11.321035 11.305051 12.664681 12.664681 11.514965 11.513711 11.507702 12.664681 11.529843 11.287433 12.664681 11.517591 12.664681 11.510081 
11.379410 11.385242 11.366061 12.679617 12.679617 11.617957 11.616454 11.609242 12.679617 11.635811 11.344919 12.679617 11.621109 12.679617 11.612097 
11.442644 11.449449 11.427071 12.694554 12.694554 11.720950 11.719196 11.710782 12.694554 11.741780 11.402406 12.694554 11.724627 12.694554 11.714113 
First round
25.555667 
25.555667 25.551219 25.562044 26.970942 26.970942 26.649349 26.762076 26.239094 26.970942 26.394068 25.672929 26.970942 26.803528 26.970942 26.848219 
12.571855 12.571219 12.572766 14.136894 14.136894 12.728095 12.744199 12.669487 14.136894 12.691626 12.588606 14.136894 12.750120 14.136894 12.756505 
12.886225 12.885463 12.887319 14.446273 14.446273 13.073714 13.093038 13.003384 14.446273 13.029951 12.906328 14.446273 13.100145 14.446273 13.107806 
13.200596 13.199707 13.201872 14.755651 14.755651 13.419333 13.441878 13.337282 14.755651 13.368277 13.224049 14.755651 13.450169 14.755651 13.459107 
First round
23.691907 
23.691907 23.795057 24.149374 24.132063 24.132063 24.079774 24.006956 24.544181 24.132063 24.413478 24.289686 24.132063 24.051728 24.132063 23.856193 
12.045989 12.060725 12.111342 13.471726 13.471726 12.101399 12.090996 12.167743 13.471726 12.149071 12.131386 13.471726 12.097392 13.471726 12.069459 
12.255187 12.272870 12.333610 13.648071 13.648071 12.321679 12.309196 12.401291 13.648071 12.378885 12.357663 13.648071 12.316871 13.648071 12.283350 
12.464385 12.485015 12.555878 13.824416 13.824416 12.541958 12.527395 12.634840 13.824416 12.608699 12.583941 13.824416 12.536349 13.824416 12.497242 
First round
22.631317 
22.631317 22.532334 22.299232 22.981280 22.981280 24.279345 24.382501 23.875860 22.981280 24.129245 22.263987 22.981280 24.385973 22.981280 24.408107 
11.496795 11.482655 11.449355 12.909647 12.909647 11.732228 11.746964 11.674587 12.909647 11.710785 11.444320 12.909647 11.747460 12.909647 11.750622 
11.596154 11.579186 11.539226 12.973577 12.973577 11.878674 11.896357 11.809505 12.973577 11.852942 11.533184 12.973577 11.896953 12.973577 11.900747 
11.695514 11.675717 11.629097 13.037506 13.037506 12.025119 12.045750 11.944422 13.037506 11.995099 11.622048 13.037506 12.046445 13.037506 12.050871 
First round
25.637277 
25.637277 25.810906 26.052647 25.895238 25.895238 25.769464 25.722467 26.110601 25.895238 26.341103 25.996849 25.895238 25.896884 25.895238 25.631899 
12.255755 12.280559 12.315093 13.655463 13.655463 12.274638 12.267925 12.323372 13.655463 12.356301 12.307122 13.655463 12.292841 13.655463 12.254986 
12.506906 12.536671 12.578112 13.868556 13.868556 12.529566 12.521510 12.588047 13.868556 12.627561 12.568546 13.868556 12.551410 13.868556 12.505984 
12.758056 12.792782 12.841130 14.081649 14.081649 12.784494 12.775094 12.852721 14.081649 12.898822 12.829971 14.081649 12.809978 14.081649 12.756981 
First round
21.571151 
21.571151 21.397522 21.024022 21.873939 21.873939 23.350400 23.251467 23.181518 21.873939 22.759462 20.864149 21.873939 23.178170 21.873939 23.307892 
11.382467 11.357663 11.304305 12.788579 12.788579 11.636645 11.622512 11.612519 12.788579 11.552226 11.281467 12.788579 11.612041 12.788579 11.630573 
11.458960 11.429195 11.365167 12.828295 12.828295 11.763974 11.747014 11.735023 12.828295 11.662671 11.337760 12.828295 11.734449 12.828295 11.756687 
11.535454 11.500728 11.426028 12.868011 12.868011 11.891303 11.871517 11.857527 12.868011 11.773116 11.394053 12.868011 11.856857 12.868011 11.882802 